61, 60, 87, 201, 50, 13, 50, 13, 3, 13, 3, 4, 1, 0, 
47, 31, 25, 31, 28, 169, 171, 30, 34, 33, 50, 13, 3, 4, 1, 0
36, 26, 32, 29, 170, 29, 32, 48, 36, 48, 44, 46, 10, 14, 4, 1, 4, 1, 0
87, 201, 141, 201, 175, 33, 50, 13, 3, 4, 1, 0
9, 10, 14, 10, 14, 10, 9, 82, 195, 45, 9, 10, 14, 4, 1, 0
192, 117, 121, 117, 120, 119, 195, 119, 195, 45, 9, 45, 9, 10, 14, 4, 1, 0, 1, 0
167, 176, 34, 31, 34, 33, 50, 13, 3, 4, 1, 0
202, 176, 175, 33, 50, 13, 50, 13, 3, 4, 1, 0
34, 33, 175, 33, 50, 13, 3, 4, 1, 0, 1, 0
17, 38, 27, 163, 176, 172, 176, 175, 33, 50, 13, 3, 13, 3, 4, 1, 0
65, 147, 150, 159, 158, 201, 175, 33, 50, 13, 3, 4, 1, 0
82, 195, 45, 9, 45, 9, 13, 3, 4, 1, 0
121, 105, 108, 125, 120, 119, 120, 119, 195, 119, 195, 45, 9, 10, 14, 4, 1, 4, 1, 0
100, 106, 108, 107, 158, 107, 158, 201, 50, 13, 3, 4, 1, 0
23, 3, 4, 3, 23, 141, 23, 141, 201, 175, 33, 50, 13, 50, 13, 3, 4, 1, 0
192, 117, 121, 95, 121, 105, 108, 125, 120, 119, 195, 45, 9, 10, 14, 4, 14, 4, 1, 0, 1, 0
131, 183, 165, 167, 176, 171, 170, 29, 30, 34, 33, 34, 33, 50, 33, 50, 13, 50, 13, 3, 13, 3, 4, 1, 0
114, 116, 114, 116, 191, 42, 51, 14, 12, 14, 4, 1, 4, 1, 0
47, 35, 47, 43, 193, 196, 46, 10, 14, 4, 1, 0
21, 47, 31, 28, 31, 28, 169, 171, 30, 34, 33, 50, 13, 3, 13, 3, 4, 1, 0
39, 188, 198, 193, 196, 46, 10, 46, 10, 14, 4, 1, 0
47, 31, 34, 33, 50, 13, 3, 13, 3, 4, 1, 0
21, 156, 159, 158, 201, 175, 33, 50, 13, 50, 13, 3, 4, 1, 4, 1, 0
193, 196, 195, 119, 195, 45, 9, 45, 9, 10, 14, 4, 1, 4, 1, 0, 1, 0
25, 35, 25, 27, 167, 176, 171, 176, 171, 30, 171, 30, 34, 33, 34, 33, 50, 13, 3, 4, 1, 0
175, 33, 50, 13, 3, 4, 1, 0
29, 170, 29, 45, 9, 13, 3, 13, 3, 4, 1, 0
9, 45, 195, 119, 120, 125, 120, 119, 195, 45, 9, 10, 14, 4, 1, 0
47, 31, 28, 30, 29, 170, 29, 30, 34, 33, 34, 33, 50, 13, 3, 4, 1, 0
36, 48, 44, 46, 10, 14, 4, 1, 0
193, 118, 122, 118, 193, 196, 46, 10, 46, 10, 14, 4, 1, 0, 1, 0
77, 56, 60, 61, 60, 87, 201, 50, 13, 3, 4, 1, 0
175, 33, 50, 13, 3, 4, 1, 0
29, 170, 29, 30, 46, 10, 14, 4, 1, 0
9, 119, 195, 45, 9, 10, 14, 4, 1, 0
151, 187, 39, 47, 43, 47, 31, 28, 168, 171, 30, 34, 33, 50, 13, 3, 4, 1, 0
53, 127, 193, 198, 173, 169, 171, 170, 29, 30, 34, 33, 50, 13, 3, 4, 1, 4, 1, 0
31, 34, 33, 50, 13, 3, 4, 1, 4, 1, 0
35, 15, 35, 25, 160, 25, 160, 172, 168, 171, 30, 34, 33, 50, 13, 3, 4, 1, 0, 1, 0
53, 127, 178, 161, 173, 169, 171, 170, 29, 30, 34, 33, 50, 13, 50, 13, 3, 4, 1, 0
131, 183, 165, 167, 176, 34, 33, 50, 13, 3, 13, 3, 4, 1, 0, 1, 0
186, 167, 176, 171, 30, 34, 27, 34, 33, 50, 13, 3, 4, 1, 0, 1, 0
163, 176, 34, 33, 50, 13, 3, 4, 1, 0
36, 48, 44, 46, 10, 14, 4, 14, 4, 1, 4, 1, 0
112, 109, 177, 109, 112, 125, 120, 119, 195, 45, 9, 10, 14, 4, 1, 0
23, 50, 13, 3, 4, 1, 0
163, 176, 171, 30, 171, 30, 34, 33, 50, 13, 3, 13, 3, 4, 1, 0
47, 31, 28, 30, 29, 170, 29, 30, 34, 33, 50, 13, 3, 4, 1, 4, 1, 0, 1, 0
36, 26, 36, 26, 166, 174, 32, 48, 44, 46, 10, 14, 13, 3, 4, 1, 0
87, 13, 14, 10, 9, 82, 195, 45, 9, 10, 14, 13, 3, 4, 1, 0
197, 47, 31, 28, 168, 171, 30, 34, 33, 50, 13, 3, 4, 1, 0
147, 150, 159, 158, 201, 175, 33, 50, 13, 3, 4, 1, 0
32, 34, 33, 50, 13, 3, 4, 1, 0
114, 116, 191, 42, 51, 46, 45, 9, 10, 8, 10, 14, 13, 3, 4, 1, 4, 1, 0
17, 129, 91, 120, 91, 120, 119, 195, 82, 195, 45, 9, 10, 14, 13, 3, 4, 1, 0, 1, 0
169, 171, 170, 29, 30, 34, 33, 50, 33, 50, 13, 3, 4, 1, 0
128, 194, 44, 46, 45, 9, 10, 14, 13, 3, 4, 1, 0
68, 84, 11, 84, 11, 8, 80, 194, 44, 46, 45, 9, 10, 14, 13, 3, 13, 3, 4, 1, 0
143, 99, 143, 99, 105, 108, 107, 158, 201, 50, 13, 50, 13, 3, 4, 1, 0
48, 32, 29, 32, 29, 170, 29, 32, 48, 32, 48, 44, 46, 10, 14, 13, 3, 4, 1, 4, 1, 0
178, 161, 173, 169, 171, 170, 29, 30, 34, 33, 50, 13, 3, 4, 1, 0
149, 194, 44, 194, 44, 46, 45, 9, 45, 9, 10, 14, 13, 14, 13, 3, 4, 1, 0
23, 3, 4, 3, 4, 3, 23, 141, 97, 124, 125, 120, 119, 195, 45, 9, 10, 14, 13, 14, 13, 3, 4, 1, 0, 1, 0
148, 150, 186, 150, 186, 167, 176, 171, 30, 34, 33, 50, 13, 3, 4, 1, 0
86, 82, 195, 45, 9, 12, 14, 4, 1, 0, 1, 0
182, 164, 167, 57, 167, 176, 171, 30, 34, 33, 50, 13, 3, 4, 1, 0, 1, 0
77, 56, 59, 61, 60, 87, 201, 50, 13, 3, 4, 1, 0
13, 3, 4, 1, 0
95, 98, 97, 124, 97, 124, 109, 124, 109, 124, 125, 120, 119, 195, 45, 9, 45, 9, 10, 14, 13, 3, 4, 1, 0
4, 3, 4, 3, 107, 158, 201, 175, 33, 50, 13, 3, 4, 1, 0, 1, 0
75, 181, 112, 125, 120, 119, 120, 119, 195, 45, 9, 10, 14, 13, 3, 4, 1, 0
15, 21, 156, 200, 49, 12, 14, 13, 3, 4, 1, 0
7, 38, 27, 163, 176, 171, 30, 34, 33, 50, 13, 3, 4, 1, 4, 1, 0
148, 183, 165, 167, 176, 171, 30, 34, 33, 50, 13, 3, 4, 1, 0
51, 34, 30, 29, 30, 29, 170, 29, 30, 29, 30, 34, 33, 50, 13, 3, 4, 1, 0
196, 46, 10, 14, 4, 1, 0, 1, 0
194, 44, 46, 45, 9, 10, 14, 4, 1, 0
63, 74, 180, 111, 112, 110, 112, 125, 120, 119, 195, 45, 9, 10, 14, 4, 1, 0
15, 17, 150, 159, 108, 107, 158, 201, 50, 13, 3, 4, 1, 0, 1, 0
117, 120, 119, 120, 119, 195, 45, 9, 10, 14, 4, 1, 0
83, 82, 195, 45, 9, 45, 9, 10, 14, 4, 1, 0
138, 95, 123, 125, 120, 119, 195, 45, 9, 10, 14, 4, 1, 0
19, 153, 189, 40, 48, 44, 46, 10, 14, 4, 14, 4, 1, 0
198, 173, 169, 171, 30, 34, 33, 50, 13, 3, 13, 3, 4, 1, 0
43, 46, 45, 195, 82, 195, 119, 195, 45, 9, 45, 9, 10, 8, 10, 8, 10, 14, 7, 14, 4, 1, 0, 1, 0
16, 36, 26, 32, 29, 170, 29, 32, 48, 44, 46, 10, 14, 4, 1, 0
202, 51, 34, 33, 50, 45, 50, 13, 3, 4, 1, 0
63, 152, 188, 169, 171, 30, 42, 51, 14, 4, 1, 0, 1, 0
27, 167, 176, 34, 33, 50, 13, 3, 13, 3, 4, 1, 4, 1, 0, 1, 0
63, 144, 146, 143, 177, 160, 177, 160, 163, 176, 171, 30, 34, 33, 50, 23, 50, 13, 3, 13, 3, 4, 1, 4, 1, 4, 1, 0
49, 200, 49, 12, 14, 13, 3, 4, 1, 0
110, 122, 118, 194, 44, 46, 45, 9, 10, 14, 4, 1, 0
21, 138, 95, 98, 97, 124, 201, 87, 201, 50, 13, 3, 13, 3, 4, 1, 0
8, 11, 8, 80, 83, 82, 195, 45, 9, 10, 14, 4, 1, 4, 1, 0
59, 61, 4, 61, 4, 3, 60, 175, 33, 50, 13, 3, 4, 1, 0
165, 175, 33, 50, 13, 3, 13, 3, 4, 3, 4, 1, 0
36, 26, 162, 174, 170, 103, 170, 29, 32, 48, 44, 46, 10, 14, 4, 1, 0
164, 167, 165, 167, 165, 183, 165, 183, 114, 183, 148, 183, 165, 167, 176, 171, 30, 34, 33, 50, 13, 3, 4, 1, 4, 1, 0
15, 17, 38, 27, 163, 176, 171, 170, 29, 30, 34, 33, 50, 13, 50, 13, 3, 4, 1, 0
95, 98, 97, 124, 201, 50, 13, 3, 4, 1, 0
