4 1 28 17 -1 4 1 17 -1 4 1 -1 4 1 29 -1 4 29 -1 4 11 29 -1 11 29 -1 29 -1 1 29 -1 1 11 29 -1 1 11 19 29 -1 1 11 19 -1 1 11 19 25 -1 1 11 19 25 29 -1 1 11 19 25 -1 1 11 19 25 29 -1 -2
8 12 5 29 -1 8 5 29 -1 8 11 5 29 -1 8 11 29 -1 8 11 19 29 -1 11 19 29 -1 11 19 -1 11 -1 11 25 -1 11 25 29 -1 25 29 -1 1 25 29 -1 1 11 25 29 -1 1 11 25 -1 1 11 -1 1 11 29 -1 1 11 -1 1 11 29 -1 1 11 -1 1 11 29 -1 1 11 19 29 -1 1 11 19 -1 1 11 19 25 -1 1 11 19 25 29 -1 -2
6 3 -1 6 -1 6 11 -1 6 11 19 -1 11 19 -1 6 11 19 -1 11 19 -1 11 -1 11 25 -1 11 25 9 -1 11 25 -1 11 25 29 -1 25 29 -1 1 25 29 -1 25 29 -1 1 25 29 -1 1 11 25 29 -1 1 25 29 -1 1 11 25 29 -1 1 11 25 -1 1 11 25 29 -1 1 11 25 -1 16 11 25 9 -1 1 11 25 -1 1 11 -1 16 11 -1 1 11 -1 1 22 17 -1 1 11 -1 1 11 29 -1 1 11 19 29 -1 1 11 19 -1 1 11 19 25 -1 1 11 19 -1 1 11 19 25 -1 1 11 19 25 29 -1 1 11 19 25 -1 1 11 19 25 29 -1 -2
12 19 15 9 -1 12 19 9 -1 12 19 -1 12 19 29 -1 19 29 -1 1 19 29 -1 1 29 -1 1 11 29 -1 1 11 19 29 -1 1 11 19 -1 1 11 19 25 -1 1 11 19 25 29 -1 -2
10 -1 10 29 -1 29 -1 1 29 -1 1 11 29 -1 1 11 19 29 -1 1 11 19 -1 1 11 19 25 -1 1 11 19 25 29 -1 1 11 19 25 -1 1 11 19 25 29 -1 -2
12 22 -1 22 -1 1 22 -1 1 22 25 -1 1 25 -1 1 11 25 -1 1 11 -1 1 11 29 -1 1 11 19 29 -1 1 11 19 -1 1 11 19 25 -1 1 11 19 25 29 -1 1 11 19 25 -1 1 11 19 25 29 -1 -2
10 -1 10 25 -1 10 25 29 -1 25 29 -1 1 25 29 -1 1 11 25 29 -1 1 11 25 -1 1 11 -1 1 11 19 -1 1 11 19 25 -1 1 11 19 25 29 -1 -2
11 -1 11 25 -1 11 25 29 -1 25 29 -1 1 25 29 -1 1 11 25 29 -1 1 11 25 -1 1 11 -1 1 11 29 -1 1 11 19 29 -1 1 11 29 -1 1 11 19 29 -1 1 11 19 -1 1 11 19 25 -1 1 11 19 25 29 -1 -2
22 13 -1 22 -1 22 19 -1 1 22 19 -1 1 22 -1 1 22 25 -1 1 25 -1 1 11 25 -1 1 11 -1 1 11 29 -1 1 11 19 29 -1 1 11 29 -1 1 11 19 29 -1 1 11 19 -1 1 11 19 25 -1 1 11 19 25 29 -1 -2
14 26 21 -1 26 21 -1 1 26 21 -1 1 26 -1 1 26 25 -1 1 11 26 25 -1 1 11 26 -1 1 11 -1 1 11 19 -1 1 11 19 25 -1 1 11 19 25 29 -1 -2
16 11 -1 16 11 25 -1 16 25 -1 16 11 25 -1 16 25 -1 25 -1 1 25 -1 1 25 29 -1 1 25 -1 1 25 29 -1 1 11 25 29 -1 1 11 25 -1 1 11 -1 1 11 29 -1 1 11 -1 1 11 29 -1 1 11 19 29 -1 1 11 19 -1 1 11 19 25 -1 1 11 19 25 29 -1 -2
8 -1 8 1 -1 8 1 19 -1 8 1 19 25 -1 8 1 19 -1 8 1 19 25 -1 8 19 25 -1 19 25 -1 19 25 29 -1 19 25 -1 19 25 29 -1 1 19 25 29 -1 1 19 25 -1 1 19 -1 1 19 29 -1 1 29 -1 1 11 29 -1 1 11 19 29 -1 1 11 19 -1 1 11 19 25 -1 1 11 19 25 29 -1 -2
12 3 24 23 -1 12 3 24 -1 3 24 -1 24 -1 11 24 -1 11 -1 11 25 -1 11 25 29 -1 25 29 -1 1 25 29 -1 1 11 25 29 -1 1 11 25 -1 1 11 -1 1 11 29 -1 1 11 19 29 -1 1 11 19 -1 1 11 19 25 -1 1 11 19 25 29 -1 -2
4 17 -1 4 -1 4 29 -1 4 11 29 -1 11 29 -1 11 -1 11 25 -1 11 25 29 -1 25 29 -1 1 25 29 -1 1 11 25 29 -1 1 11 25 -1 1 11 -1 1 11 29 -1 1 11 19 29 -1 1 11 19 -1 1 11 19 25 -1 1 11 19 -1 1 11 19 25 -1 1 11 19 25 29 -1 1 11 19 25 -1 1 11 19 25 29 -1 -2
6 12 23 -1 6 23 -1 6 1 23 -1 6 23 -1 6 1 23 -1 6 1 -1 6 1 19 -1 6 19 -1 19 -1 19 29 -1 1 19 29 -1 1 29 -1 1 11 29 -1 1 11 19 29 -1 1 11 19 -1 1 11 19 25 -1 1 11 19 -1 1 11 19 25 -1 1 11 19 25 29 -1 -2
0 22 25 -1 22 25 -1 1 22 25 -1 1 25 -1 1 11 25 -1 1 11 -1 1 11 29 -1 1 11 19 29 -1 1 11 19 -1 1 11 19 25 -1 1 11 19 25 29 -1 -2
8 14 -1 8 14 11 -1 14 11 -1 4 14 11 -1 14 11 -1 14 -1 14 19 -1 19 -1 1 19 -1 1 19 29 -1 1 29 -1 1 13 29 -1 1 29 -1 1 11 29 -1 1 29 -1 1 11 29 -1 1 11 19 29 -1 1 11 19 -1 1 11 19 25 -1 1 11 19 -1 1 11 19 25 -1 1 11 19 25 29 -1 -2
2 16 -1 2 16 15 -1 2 16 -1 2 16 25 -1 2 25 -1 2 1 25 -1 2 1 25 29 -1 2 25 29 -1 25 29 -1 1 25 29 -1 25 29 -1 1 25 29 -1 1 11 25 29 -1 1 25 29 -1 1 11 25 29 -1 1 11 25 -1 1 11 -1 1 11 29 -1 1 11 19 29 -1 1 11 19 -1 1 11 19 25 -1 1 11 19 -1 1 11 19 25 -1 1 11 19 25 29 -1 -2
2 14 -1 2 -1 2 1 -1 2 1 25 -1 2 1 25 29 -1 2 25 29 -1 2 1 25 29 -1 2 25 29 -1 25 29 -1 1 25 29 -1 1 11 25 29 -1 1 25 29 -1 1 11 25 29 -1 1 11 25 -1 1 11 -1 1 11 29 -1 1 11 19 29 -1 1 11 19 -1 1 11 19 25 -1 1 11 19 25 29 -1 -2
28 -1 1 28 -1 1 11 28 -1 1 11 19 28 -1 1 11 19 -1 1 11 19 25 -1 1 11 19 25 29 -1 -2
4 1 22 15 -1 4 1 22 -1 4 1 -1 4 1 11 -1 4 1 11 29 -1 4 1 29 -1 4 1 11 29 -1 4 1 29 -1 4 29 -1 4 11 29 -1 11 29 -1 11 -1 11 25 -1 11 25 29 -1 25 29 -1 1 25 29 -1 1 11 25 29 -1 1 11 25 -1 1 11 -1 1 11 29 -1 1 11 19 29 -1 1 11 19 -1 1 11 19 25 -1 1 11 19 25 29 -1 1 11 19 25 -1 1 11 19 25 29 -1 -2
19 -1 19 29 -1 1 19 29 -1 1 29 -1 1 11 29 -1 1 11 19 29 -1 1 11 19 -1 1 11 19 25 -1 1 11 19 25 29 -1 -2
4 10 22 7 -1 4 22 7 -1 4 7 -1 4 11 7 -1 4 11 -1 4 11 29 -1 11 29 -1 11 -1 11 25 -1 11 25 29 -1 11 25 -1 11 25 29 -1 25 29 -1 1 25 29 -1 1 11 25 29 -1 1 11 25 -1 1 11 -1 1 11 29 -1 1 11 19 29 -1 1 11 19 -1 1 11 19 25 -1 1 11 19 -1 1 11 19 25 -1 1 11 19 25 29 -1 -2
24 9 -1 11 24 9 -1 11 9 -1 11 25 9 -1 11 25 -1 11 25 29 -1 25 29 -1 1 25 29 -1 1 11 25 29 -1 1 11 25 -1 1 11 -1 1 11 29 -1 1 11 19 29 -1 1 11 29 -1 1 11 19 29 -1 1 11 19 -1 1 11 19 25 -1 1 11 19 -1 1 11 19 25 -1 1 11 19 25 29 -1 1 11 19 25 -1 1 11 19 25 29 -1 -2
8 11 19 7 -1 8 11 19 -1 8 11 19 25 -1 11 19 25 -1 11 19 -1 11 -1 11 21 -1 11 -1 11 25 -1 11 25 23 -1 11 25 -1 11 25 29 -1 25 29 -1 1 25 29 -1 1 11 25 29 -1 1 11 25 -1 1 11 -1 1 11 29 -1 1 11 -1 1 11 29 -1 1 11 19 29 -1 1 11 29 -1 1 11 19 29 -1 1 11 19 -1 1 11 19 25 -1 1 11 19 -1 1 11 19 25 -1 1 11 19 25 29 -1 -2
10 20 27 -1 20 27 -1 1 20 27 -1 1 27 -1 1 11 27 -1 1 11 -1 1 11 29 -1 1 11 19 29 -1 1 11 29 -1 1 11 19 29 -1 1 11 19 -1 1 11 19 25 -1 1 11 19 25 29 -1 -2
2 7 17 -1 2 17 -1 2 25 17 -1 2 25 -1 2 25 29 -1 25 29 -1 1 25 29 -1 1 11 25 29 -1 1 11 25 -1 1 11 25 29 -1 1 11 25 -1 1 11 -1 1 11 28 -1 1 11 -1 1 11 29 -1 1 11 19 29 -1 1 11 29 -1 1 11 19 29 -1 1 11 19 -1 1 11 19 25 -1 1 11 19 25 29 -1 -2
