128 -1 129 -1 126 -1 89 -1 91 -1 98 -1 125 -1 120 -1 119 -1 195 -1 45 -1 9 -1 10 -1 14 -1 13 -1 3 -1 4 -1 1 -1 0 -1 -2
47 -1 31 -1 34 -1 33 -1 50 -1 13 -1 3 -1 4 -1 1 -1 0 -1 -2
143 -1 177 -1 160 -1 163 -1 176 -1 171 -1 30 -1 34 -1 33 -1 50 -1 13 -1 3 -1 4 -1 1 -1 0 -1 -2
49 -1 12 -1 14 -1 13 -1 3 -1 4 -1 1 -1 0 -1 -2
94 -1 116 -1 125 -1 120 -1 119 -1 195 -1 45 -1 9 -1 10 -1 14 -1 13 -1 3 -1 4 -1 1 -1 0 -1 -2
42 -1 51 -1 46 -1 10 -1 14 -1 13 -1 3 -1 4 -1 1 -1 0 -1 -2
138 -1 95 -1 98 -1 97 -1 141 -1 201 -1 175 -1 33 -1 50 -1 13 -1 3 -1 4 -1 1 -1 0 -1 -2
62 -1 72 -1 75 -1 88 -1 83 -1 82 -1 195 -1 45 -1 9 -1 10 -1 14 -1 13 -1 3 -1 4 -1 -1 -1 1 -1 0 -1 -2
50 -1 13 -1 3 -1 4 -1 2 -1 1 -1 0 -1 -2
36 -1 38 -1 35 -1 25 -1 27 -1 34 -1 33 -1 50 -1 45 -1 13 -1 3 -1 4 -1 1 -1 0 -1 -2
32 -1 34 -1 33 -1 50 -1 13 -1 3 -1 4 -1 1 -1 0 -1 -2
115 -1 116 -1 125 -1 120 -1 119 -1 195 -1 45 -1 9 -1 10 -1 8 -1 14 -1 13 -1 3 -1 4 -1 1 -1 0 -1 -2
94 -1 116 -1 125 -1 120 -1 119 -1 195 -1 45 -1 9 -1 10 -1 14 -1 13 -1 3 -1 4 -1 1 -1 0 -1 -2
154 -1 153 -1 189 -1 40 -1 42 -1 51 -1 46 -1 10 -1 14 -1 13 -1 3 -1 4 -1 1 -1 0 -1 -2
195 -1 45 -1 9 -1 10 -1 14 -1 11 -1 13 -1 3 -1 4 -1 1 -1 0 -1 -2
75 -1 88 -1 83 -1 82 -1 195 -1 45 -1 9 -1 10 -1 8 -1 14 -1 13 -1 3 -1 4 -1 2 -1 1 -1 0 -1 -2
121 -1 117 -1 120 -1 119 -1 195 -1 45 -1 9 -1 10 -1 14 -1 13 -1 3 -1 4 -1 2 -1 1 -1 0 -1 -2
121 -1 117 -1 120 -1 119 -1 195 -1 45 -1 9 -1 10 -1 14 -1 13 -1 3 -1 4 -1 1 -1 0 -1 -2
18 -1 21 -1 24 -1 23 -1 50 -1 33 -1 13 -1 3 -1 4 -1 1 -1 0 -1 -2
93 -1 114 -1 116 -1 125 -1 120 -1 119 -1 195 -1 45 -1 9 -1 10 -1 14 -1 13 -1 3 -1 4 -1 1 -1 0 -1 -2
3 -1 4 -1 1 -1 0 -1 -2
35 -1 25 -1 27 -1 34 -1 33 -1 50 -1 13 -1 3 -1 4 -1 1 -1 0 -1 -2
11 -1 14 -1 13 -1 3 -1 4 -1 1 -1 0 -1 -2
125 -1 120 -1 119 -1 195 -1 45 -1 9 -1 10 -1 8 -1 14 -1 13 -1 3 -1 4 -1 1 -1 0 -1 -2
51 -1 14 -1 13 -1 3 -1 4 -1 2 -1 1 -1 0 -1 -2
39 -1 47 -1 43 -1 46 -1 45 -1 9 -1 10 -1 14 -1 13 -1 3 -1 4 -1 1 -1 0 -1 -2
108 -1 125 -1 120 -1 119 -1 195 -1 170 -1 45 -1 29 -1 9 -1 10 -1 14 -1 13 -1 3 -1 4 -1 1 -1 0 -1 -2
85 -1 59 -1 61 -1 60 -1 87 -1 201 -1 50 -1 13 -1 3 -1 4 -1 1 -1 0 -1 -2
36 -1 38 -1 35 -1 25 -1 27 -1 34 -1 33 -1 50 -1 13 -1 3 -1 4 -1 1 -1 0 -1 -2
190 -1 41 -1 42 -1 51 -1 46 -1 10 -1 14 -1 13 -1 3 -1 4 -1 1 -1 0 -1 -2
168 -1 171 -1 170 -1 29 -1 30 -1 34 -1 33 -1 50 -1 13 -1 3 -1 4 -1 1 -1 0 -1 -2
114 -1 116 -1 125 -1 120 -1 117 -1 119 -1 195 -1 45 -1 9 -1 10 -1 14 -1 13 -1 3 -1 4 -1 1 -1 0 -1 -2
2 -1 4 -1 1 -1 0 -1 -2
44 -1 46 -1 45 -1 9 -1 10 -1 8 -1 14 -1 13 -1 3 -1 4 -1 1 -1 0 -1 -2
39 -1 47 -1 43 -1 46 -1 45 -1 9 -1 10 -1 14 -1 13 -1 3 -1 4 -1 1 -1 0 -1 -2
43 -1 46 -1 45 -1 9 -1 10 -1 14 -1 13 -1 3 -1 4 -1 1 -1 0 -1 -2
89 -1 91 -1 98 -1 125 -1 120 -1 119 -1 195 -1 170 -1 45 -1 9 -1 10 -1 14 -1 13 -1 3 -1 4 -1 1 -1 0 -1 -2
128 -1 129 -1 126 -1 89 -1 91 -1 98 -1 125 -1 120 -1 119 -1 195 -1 45 -1 9 -1 10 -1 14 -1 13 -1 3 -1 4 -1 1 -1 0 -1 -2
136 -1 189 -1 40 -1 42 -1 51 -1 38 -1 46 -1 10 -1 14 -1 13 -1 3 -1 4 -1 1 -1 0 -1 -2
72 -1 75 -1 88 -1 83 -1 82 -1 195 -1 45 -1 9 -1 10 -1 14 -1 7 -1 13 -1 3 -1 4 -1 2 -1 1 -1 0 -1 -2
142 -1 98 -1 125 -1 120 -1 119 -1 195 -1 148 -1 45 -1 9 -1 10 -1 14 -1 13 -1 3 -1 4 -1 1 -1 0 -1 -2
151 -1 154 -1 153 -1 189 -1 40 -1 42 -1 51 -1 38 -1 46 -1 10 -1 14 -1 13 -1 3 -1 4 -1 1 -1 0 -1 -2
164 -1 172 -1 168 -1 171 -1 170 -1 29 -1 30 -1 34 -1 33 -1 50 -1 13 -1 3 -1 4 -1 1 -1 0 -1 -2
42 -1 51 -1 46 -1 10 -1 14 -1 13 -1 3 -1 4 -1 1 -1 0 -1 -2
57 -1 61 -1 60 -1 87 -1 201 -1 50 -1 13 -1 3 -1 4 -1 1 -1 0 -1 -2
