4 1 28 17 -1 4 1 17 -1 4 1 -1 4 1 29 -1 4 29 -1 4 11 29 -1 11 29 -1 29 -1 1 29 -1 1 11 29 -1 1 11 19 29 -1 1 11 19 -1 1 11 19 25 -1 1 11 19 25 29 -1 1 11 19 25 -1 1 11 19 25 29 -1 -2
8 12 5 29 -1 8 5 29 -1 8 11 5 29 -1 8 11 29 -1 8 11 19 29 -1 11 19 29 -1 11 19 -1 11 -1 11 25 -1 11 25 29 -1 25 29 -1 1 25 29 -1 1 11 25 29 -1 1 11 25 -1 1 11 -1 1 11 29 -1 1 11 -1 1 11 29 -1 1 11 -1 1 11 29 -1 1 11 19 29 -1 1 11 19 -1 1 11 19 25 -1 1 11 19 25 29 -1 -2
6 3 -1 6 -1 6 11 -1 6 11 19 -1 11 19 -1 6 11 19 -1 11 19 -1 11 -1 11 25 -1 11 25 9 -1 11 25 -1 11 25 29 -1 25 29 -1 1 25 29 -1 25 29 -1 1 25 29 -1 1 11 25 29 -1 1 25 29 -1 1 11 25 29 -1 1 11 25 -1 1 11 25 29 -1 1 11 25 -1 16 11 25 9 -1 1 11 25 -1 1 11 -1 16 11 -1 1 11 -1 1 22 17 -1 1 11 -1 1 11 29 -1 1 11 19 29 -1 1 11 19 -1 1 11 19 25 -1 1 11 19 -1 1 11 19 25 -1 1 11 19 25 29 -1 1 11 19 25 -1 1 11 19 25 29 -1 -2
12 19 15 9 -1 12 19 9 -1 12 19 -1 12 19 29 -1 19 29 -1 1 19 29 -1 1 29 -1 1 11 29 -1 1 11 19 29 -1 1 11 19 -1 1 11 19 25 -1 1 11 19 25 29 -1 -2
10 -1 10 29 -1 29 -1 1 29 -1 1 11 29 -1 1 11 19 29 -1 1 11 19 -1 1 11 19 25 -1 1 11 19 25 29 -1 1 11 19 25 -1 1 11 19 25 29 -1 -2
12 22 -1 22 -1 1 22 -1 1 22 25 -1 1 25 -1 1 11 25 -1 1 11 -1 1 11 29 -1 1 11 19 29 -1 1 11 19 -1 1 11 19 25 -1 1 11 19 25 29 -1 1 11 19 25 -1 1 11 19 25 29 -1 -2
10 -1 10 25 -1 10 25 29 -1 25 29 -1 1 25 29 -1 1 11 25 29 -1 1 11 25 -1 1 11 -1 1 11 19 -1 1 11 19 25 -1 1 11 19 25 29 -1 -2
11 -1 11 25 -1 11 25 29 -1 25 29 -1 1 25 29 -1 1 11 25 29 -1 1 11 25 -1 1 11 -1 1 11 29 -1 1 11 19 29 -1 1 11 29 -1 1 11 19 29 -1 1 11 19 -1 1 11 19 25 -1 1 11 19 25 29 -1 -2
22 13 -1 22 -1 22 19 -1 1 22 19 -1 1 22 -1 1 22 25 -1 1 25 -1 1 11 25 -1 1 11 -1 1 11 29 -1 1 11 19 29 -1 1 11 29 -1 1 11 19 29 -1 1 11 19 -1 1 11 19 25 -1 1 11 19 25 29 -1 -2
14 26 21 -1 26 21 -1 1 26 21 -1 1 26 -1 1 26 25 -1 1 11 26 25 -1 1 11 26 -1 1 11 -1 1 11 19 -1 1 11 19 25 -1 1 11 19 25 29 -1 -2
16 11 -1 16 11 25 -1 16 25 -1 16 11 25 -1 16 25 -1 25 -1 1 25 -1 1 25 29 -1 1 25 -1 1 25 29 -1 1 11 25 29 -1 1 11 25 -1 1 11 -1 1 11 29 -1 1 11 -1 1 11 29 -1 1 11 19 29 -1 1 11 19 -1 1 11 19 25 -1 1 11 19 25 29 -1 -2
8 -1 8 1 -1 8 1 19 -1 8 1 19 25 -1 8 1 19 -1 8 1 19 25 -1 8 19 25 -1 19 25 -1 19 25 29 -1 19 25 -1 19 25 29 -1 1 19 25 29 -1 1 19 25 -1 1 19 -1 1 19 29 -1 1 29 -1 1 11 29 -1 1 11 19 29 -1 1 11 19 -1 1 11 19 25 -1 1 11 19 25 29 -1 -2
12 3 24 23 -1 12 3 24 -1 3 24 -1 24 -1 11 24 -1 11 -1 11 25 -1 11 25 29 -1 25 29 -1 1 25 29 -1 1 11 25 29 -1 1 11 25 -1 1 11 -1 1 11 29 -1 1 11 19 29 -1 1 11 19 -1 1 11 19 25 -1 1 11 19 25 29 -1 -2
4 17 -1 4 -1 4 29 -1 4 11 29 -1 11 29 -1 11 -1 11 25 -1 11 25 29 -1 25 29 -1 1 25 29 -1 1 11 25 29 -1 1 11 25 -1 1 11 -1 1 11 29 -1 1 11 19 29 -1 1 11 19 -1 1 11 19 25 -1 1 11 19 -1 1 11 19 25 -1 1 11 19 25 29 -1 1 11 19 25 -1 1 11 19 25 29 -1 -2
6 12 23 -1 6 23 -1 6 1 23 -1 6 23 -1 6 1 23 -1 6 1 -1 6 1 19 -1 6 19 -1 19 -1 19 29 -1 1 19 29 -1 1 29 -1 1 11 29 -1 1 11 19 29 -1 1 11 19 -1 1 11 19 25 -1 1 11 19 -1 1 11 19 25 -1 1 11 19 25 29 -1 -2
0 22 25 -1 22 25 -1 1 22 25 -1 1 25 -1 1 11 25 -1 1 11 -1 1 11 29 -1 1 11 19 29 -1 1 11 19 -1 1 11 19 25 -1 1 11 19 25 29 -1 -2
8 14 -1 8 14 11 -1 14 11 -1 4 14 11 -1 14 11 -1 14 -1 14 19 -1 19 -1 1 19 -1 1 19 29 -1 1 29 -1 1 13 29 -1 1 29 -1 1 11 29 -1 1 29 -1 1 11 29 -1 1 11 19 29 -1 1 11 19 -1 1 11 19 25 -1 1 11 19 -1 1 11 19 25 -1 1 11 19 25 29 -1 -2
2 16 -1 2 16 15 -1 2 16 -1 2 16 25 -1 2 25 -1 2 1 25 -1 2 1 25 29 -1 2 25 29 -1 25 29 -1 1 25 29 -1 25 29 -1 1 25 29 -1 1 11 25 29 -1 1 25 29 -1 1 11 25 29 -1 1 11 25 -1 1 11 -1 1 11 29 -1 1 11 19 29 -1 1 11 19 -1 1 11 19 25 -1 1 11 19 -1 1 11 19 25 -1 1 11 19 25 29 -1 -2
2 14 -1 2 -1 2 1 -1 2 1 25 -1 2 1 25 29 -1 2 25 29 -1 2 1 25 29 -1 2 25 29 -1 25 29 -1 1 25 29 -1 1 11 25 29 -1 1 25 29 -1 1 11 25 29 -1 1 11 25 -1 1 11 -1 1 11 29 -1 1 11 19 29 -1 1 11 19 -1 1 11 19 25 -1 1 11 19 25 29 -1 -2
28 -1 1 28 -1 1 11 28 -1 1 11 19 28 -1 1 11 19 -1 1 11 19 25 -1 1 11 19 25 29 -1 -2
4 1 22 15 -1 4 1 22 -1 4 1 -1 4 1 11 -1 4 1 11 29 -1 4 1 29 -1 4 1 11 29 -1 4 1 29 -1 4 29 -1 4 11 29 -1 11 29 -1 11 -1 11 25 -1 11 25 29 -1 25 29 -1 1 25 29 -1 1 11 25 29 -1 1 11 25 -1 1 11 -1 1 11 29 -1 1 11 19 29 -1 1 11 19 -1 1 11 19 25 -1 1 11 19 25 29 -1 1 11 19 25 -1 1 11 19 25 29 -1 -2
19 -1 19 29 -1 1 19 29 -1 1 29 -1 1 11 29 -1 1 11 19 29 -1 1 11 19 -1 1 11 19 25 -1 1 11 19 25 29 -1 -2
4 10 22 7 -1 4 22 7 -1 4 7 -1 4 11 7 -1 4 11 -1 4 11 29 -1 11 29 -1 11 -1 11 25 -1 11 25 29 -1 11 25 -1 11 25 29 -1 25 29 -1 1 25 29 -1 1 11 25 29 -1 1 11 25 -1 1 11 -1 1 11 29 -1 1 11 19 29 -1 1 11 19 -1 1 11 19 25 -1 1 11 19 -1 1 11 19 25 -1 1 11 19 25 29 -1 -2
24 9 -1 11 24 9 -1 11 9 -1 11 25 9 -1 11 25 -1 11 25 29 -1 25 29 -1 1 25 29 -1 1 11 25 29 -1 1 11 25 -1 1 11 -1 1 11 29 -1 1 11 19 29 -1 1 11 29 -1 1 11 19 29 -1 1 11 19 -1 1 11 19 25 -1 1 11 19 -1 1 11 19 25 -1 1 11 19 25 29 -1 1 11 19 25 -1 1 11 19 25 29 -1 -2
8 11 19 7 -1 8 11 19 -1 8 11 19 25 -1 11 19 25 -1 11 19 -1 11 -1 11 21 -1 11 -1 11 25 -1 11 25 23 -1 11 25 -1 11 25 29 -1 25 29 -1 1 25 29 -1 1 11 25 29 -1 1 11 25 -1 1 11 -1 1 11 29 -1 1 11 -1 1 11 29 -1 1 11 19 29 -1 1 11 29 -1 1 11 19 29 -1 1 11 19 -1 1 11 19 25 -1 1 11 19 -1 1 11 19 25 -1 1 11 19 25 29 -1 -2
10 20 27 -1 20 27 -1 1 20 27 -1 1 27 -1 1 11 27 -1 1 11 -1 1 11 29 -1 1 11 19 29 -1 1 11 29 -1 1 11 19 29 -1 1 11 19 -1 1 11 19 25 -1 1 11 19 25 29 -1 -2
2 7 17 -1 2 17 -1 2 25 17 -1 2 25 -1 2 25 29 -1 25 29 -1 1 25 29 -1 1 11 25 29 -1 1 11 25 -1 1 11 25 29 -1 1 11 25 -1 1 11 -1 1 11 28 -1 1 11 -1 1 11 29 -1 1 11 19 29 -1 1 11 29 -1 1 11 19 29 -1 1 11 19 -1 1 11 19 25 -1 1 11 19 25 29 -1 -2
12 17 -1 12 -1 12 29 -1 29 -1 1 29 -1 1 11 29 -1 1 11 19 29 -1 1 11 29 -1 1 11 19 29 -1 1 11 19 -1 1 11 19 25 -1 1 11 19 25 29 -1 -2
20 27 -1 1 20 27 -1 1 27 -1 1 11 27 -1 1 11 -1 1 11 23 -1 1 11 -1 1 11 29 -1 1 11 19 29 -1 1 11 19 -1 1 11 19 25 -1 1 11 19 25 29 -1 1 11 19 25 -1 1 11 19 25 29 -1 -2
8 1 21 -1 8 1 -1 8 1 19 -1 8 1 19 25 -1 8 19 25 -1 19 25 -1 19 25 29 -1 1 19 25 29 -1 1 19 25 -1 1 19 -1 1 19 29 -1 1 29 -1 1 11 29 -1 1 29 -1 1 11 29 -1 1 11 19 29 -1 1 11 29 -1 1 11 19 29 -1 1 11 19 -1 1 11 19 25 -1 1 11 19 25 29 -1 -2
25 -1 25 29 -1 1 25 29 -1 1 11 25 29 -1 1 11 25 -1 1 11 -1 1 11 29 -1 1 11 -1 1 11 29 -1 1 11 19 29 -1 1 11 19 -1 1 11 19 25 -1 1 11 19 25 29 -1 -2
8 1 18 13 -1 8 1 13 -1 8 1 18 13 -1 8 1 13 -1 8 1 -1 8 1 19 -1 8 1 19 25 -1 8 19 25 -1 19 25 -1 19 25 29 -1 1 19 25 29 -1 1 19 25 -1 1 19 -1 1 19 29 -1 1 29 -1 1 11 29 -1 1 29 -1 1 11 29 -1 1 11 19 29 -1 1 11 19 -1 1 11 19 25 -1 1 11 19 -1 1 11 19 25 -1 1 11 19 25 29 -1 -2
22 9 -1 22 25 9 -1 25 9 -1 11 25 9 -1 11 25 -1 11 25 29 -1 25 29 -1 1 25 29 -1 25 29 -1 1 25 29 -1 1 11 25 29 -1 1 11 25 -1 1 11 -1 1 11 29 -1 1 11 19 29 -1 1 11 19 -1 1 11 19 25 -1 1 11 19 -1 1 11 19 25 -1 1 11 19 25 29 -1 1 11 19 25 -1 1 11 19 25 29 -1 -2
14 -1 14 19 -1 19 -1 1 19 -1 1 19 17 -1 1 19 -1 1 19 29 -1 1 29 -1 1 11 29 -1 1 11 19 29 -1 1 11 19 -1 1 11 19 25 -1 1 11 19 25 29 -1 -2
6 16 21 27 -1 16 21 27 -1 21 27 -1 1 21 27 -1 1 21 -1 1 -1 1 25 -1 1 25 29 -1 1 11 25 29 -1 1 11 25 -1 1 11 -1 1 11 29 -1 1 11 19 29 -1 1 11 19 -1 1 11 19 25 -1 1 11 19 25 29 -1 1 11 19 25 -1 1 11 19 25 29 -1 -2
12 7 29 -1 7 29 -1 11 7 29 -1 7 29 -1 11 7 29 -1 11 7 -1 11 -1 11 25 -1 11 25 29 -1 25 29 -1 1 25 29 -1 1 11 25 29 -1 1 11 25 -1 1 11 -1 1 11 29 -1 1 11 19 29 -1 1 11 19 -1 1 11 19 25 -1 1 11 19 -1 1 11 19 25 -1 1 11 19 25 29 -1 -2
8 11 24 -1 11 24 -1 11 -1 11 25 -1 11 25 29 -1 25 29 -1 1 25 29 -1 1 11 25 29 -1 1 25 29 -1 1 11 25 29 -1 1 11 25 -1 1 11 -1 1 11 21 -1 1 11 -1 1 11 29 -1 1 11 19 29 -1 1 11 19 -1 1 11 19 25 -1 1 11 19 25 29 -1 -2
6 1 -1 6 1 19 -1 6 19 -1 19 -1 19 29 -1 1 19 29 -1 1 29 -1 1 11 29 -1 1 29 -1 1 11 29 -1 1 11 19 29 -1 1 11 19 -1 1 11 19 25 -1 1 11 19 -1 1 11 19 25 -1 1 11 19 25 29 -1 -2
8 20 17 -1 8 20 19 17 -1 20 19 17 -1 20 19 -1 1 20 19 -1 1 20 -1 1 -1 1 11 -1 1 11 29 -1 1 11 19 29 -1 1 11 19 -1 1 11 19 25 -1 1 11 19 25 29 -1 -2
8 -1 8 1 -1 8 1 19 -1 8 1 19 25 -1 8 19 25 -1 19 25 -1 19 25 29 -1 1 19 25 29 -1 1 19 25 -1 1 19 -1 1 19 29 -1 1 29 -1 1 11 29 -1 1 11 19 29 -1 1 11 19 -1 1 11 19 25 -1 1 11 19 25 29 -1 -2
8 -1 8 1 -1 8 1 19 -1 8 1 -1 8 1 19 -1 8 1 19 25 -1 8 19 25 -1 19 25 -1 19 25 29 -1 1 19 25 29 -1 1 19 25 -1 1 19 -1 1 19 25 -1 1 19 -1 1 19 29 -1 1 19 -1 1 19 29 -1 1 29 -1 1 11 29 -1 1 11 19 29 -1 1 11 19 -1 1 11 19 25 -1 1 11 19 -1 1 11 19 25 -1 1 11 19 25 29 -1 -2
22 5 15 -1 22 5 -1 22 5 25 -1 5 25 -1 11 5 25 -1 11 5 -1 11 -1 11 25 -1 11 25 29 -1 25 29 -1 1 25 29 -1 1 11 25 29 -1 1 11 25 -1 1 11 -1 1 11 29 -1 1 11 19 29 -1 1 11 19 -1 1 11 19 25 -1 1 11 19 -1 1 11 19 25 -1 1 11 19 25 29 -1 1 11 19 25 -1 1 11 19 25 29 -1 -2
0 12 28 23 -1 12 28 23 -1 28 23 -1 1 28 23 -1 1 23 -1 1 25 23 -1 1 25 -1 1 25 29 -1 1 11 25 29 -1 1 11 25 -1 1 11 -1 1 11 29 -1 1 11 19 29 -1 1 11 19 -1 1 11 19 25 -1 1 11 19 25 29 -1 1 11 19 25 -1 1 11 19 25 29 -1 -2
10 -1 10 25 -1 10 25 29 -1 25 29 -1 1 25 29 -1 25 29 -1 1 25 29 -1 1 11 25 29 -1 1 25 29 -1 1 11 25 29 -1 1 11 25 -1 1 11 -1 1 11 19 -1 1 11 19 25 -1 1 11 19 25 29 -1 1 11 19 25 -1 1 11 19 25 29 -1 -2
13 23 -1 13 -1 13 23 -1 13 -1 13 29 -1 29 -1 19 29 -1 1 19 29 -1 1 29 -1 1 11 29 -1 1 11 19 29 -1 1 11 19 -1 1 11 19 25 -1 1 11 19 25 29 -1 -2
14 18 9 -1 18 9 -1 9 -1 11 9 -1 11 25 9 -1 11 25 -1 11 25 29 -1 25 29 -1 1 25 29 -1 1 11 25 29 -1 1 11 25 -1 1 11 -1 1 11 25 -1 1 11 -1 1 11 19 -1 1 11 19 25 -1 1 11 19 25 29 -1 -2
6 3 13 23 -1 6 3 23 -1 6 3 -1 6 -1 6 11 -1 6 11 19 -1 11 19 -1 11 -1 11 25 -1 11 25 29 -1 25 29 -1 1 25 29 -1 1 11 25 29 -1 1 25 29 -1 1 11 25 29 -1 1 11 25 -1 1 11 -1 1 11 19 -1 1 11 19 25 -1 1 11 19 25 29 -1 1 11 19 25 -1 1 11 19 25 29 -1 -2
22 13 21 -1 22 21 -1 1 22 21 -1 1 22 -1 1 22 25 -1 1 25 -1 1 11 25 -1 1 11 -1 1 11 19 -1 1 11 19 25 -1 1 11 19 -1 1 11 19 25 -1 1 11 19 25 29 -1 1 11 19 25 -1 1 11 19 25 29 -1 -2
5 23 -1 5 25 23 -1 5 25 -1 5 25 29 -1 5 25 -1 5 25 29 -1 11 5 25 29 -1 11 5 25 -1 11 5 -1 11 -1 11 26 -1 11 -1 11 25 -1 11 25 29 -1 25 29 -1 1 25 29 -1 1 11 25 29 -1 1 11 25 -1 1 11 -1 1 11 19 -1 1 11 19 25 -1 1 11 19 25 29 -1 1 11 19 25 -1 1 11 19 25 29 -1 -2
11 -1 11 25 -1 11 25 29 -1 25 29 -1 1 25 29 -1 1 11 25 29 -1 1 11 25 -1 1 11 -1 1 11 29 -1 1 11 19 29 -1 1 11 29 -1 1 11 19 29 -1 1 11 19 -1 1 11 19 25 -1 1 11 19 25 29 -1 -2
22 13 -1 22 -1 22 19 -1 1 22 19 -1 1 22 -1 1 22 25 -1 1 25 -1 1 11 25 -1 1 11 -1 1 11 29 -1 1 11 19 29 -1 1 11 29 -1 1 11 19 29 -1 1 11 19 -1 1 11 19 25 -1 1 11 19 25 29 -1 -2
10 20 26 -1 20 26 -1 1 20 26 -1 1 26 -1 1 11 26 -1 1 11 -1 1 11 19 -1 1 11 19 25 -1 1 11 19 25 29 -1 1 11 19 25 -1 1 11 19 25 29 -1 -2
11 19 28 -1 11 28 -1 11 -1 11 25 -1 11 25 29 -1 25 29 -1 1 25 29 -1 1 11 25 29 -1 1 11 25 -1 1 11 -1 1 11 29 -1 1 11 19 29 -1 1 11 29 -1 1 11 19 29 -1 1 11 19 -1 1 11 19 25 -1 1 11 19 -1 1 11 19 25 -1 1 11 19 25 29 -1 -2
14 3 17 -1 14 3 19 17 -1 14 3 19 -1 3 19 -1 3 19 29 -1 3 29 -1 29 -1 19 29 -1 1 19 29 -1 1 29 -1 1 11 29 -1 1 11 19 29 -1 1 11 19 -1 1 11 19 25 -1 1 11 19 25 29 -1 -2
12 28 -1 12 11 28 -1 12 11 -1 12 11 29 -1 12 11 -1 12 11 29 -1 12 29 -1 29 -1 1 29 -1 1 11 29 -1 1 11 19 29 -1 1 11 29 -1 1 11 19 29 -1 1 11 19 -1 1 11 19 25 -1 1 11 19 25 29 -1 1 11 19 25 -1 1 11 19 25 29 -1 -2
4 11 28 23 -1 11 28 23 -1 11 23 -1 11 25 23 -1 11 25 -1 11 25 29 -1 25 29 -1 1 25 29 -1 1 11 25 29 -1 1 11 25 -1 1 11 -1 1 11 29 -1 1 11 19 29 -1 1 11 29 -1 1 11 19 29 -1 1 11 19 -1 1 11 19 27 -1 1 11 19 -1 1 11 19 25 -1 1 11 19 -1 1 11 19 25 -1 1 11 19 25 29 -1 1 11 19 25 -1 1 11 19 25 29 -1 -2
4 20 -1 4 1 20 -1 4 1 -1 4 1 11 -1 4 1 11 29 -1 4 1 29 -1 4 29 -1 4 11 29 -1 11 29 -1 11 -1 11 25 -1 11 25 9 -1 11 25 -1 11 25 29 -1 25 29 -1 1 25 29 -1 1 11 25 29 -1 1 11 25 -1 1 11 -1 1 11 21 -1 1 11 -1 1 11 29 -1 1 11 19 29 -1 1 11 29 -1 1 11 19 29 -1 1 11 19 -1 1 11 19 25 -1 1 11 19 25 29 -1 -2
10 5 17 -1 10 5 25 17 -1 10 5 25 -1 10 5 25 29 -1 5 25 29 -1 11 5 25 29 -1 11 5 25 -1 11 5 -1 11 -1 11 25 -1 11 25 29 -1 25 29 -1 1 25 29 -1 1 11 25 29 -1 1 11 25 -1 1 11 -1 1 11 29 -1 1 11 -1 1 11 29 -1 1 11 19 29 -1 1 11 19 -1 1 11 19 25 -1 1 11 19 -1 1 11 19 25 -1 1 11 19 25 29 -1 1 11 19 25 -1 1 11 19 25 29 -1 -2
4 1 28 17 -1 4 1 17 -1 4 1 -1 4 1 29 -1 4 29 -1 4 11 29 -1 11 29 -1 11 -1 11 25 -1 11 25 29 -1 25 29 -1 1 25 29 -1 1 11 25 29 -1 1 11 25 -1 1 11 -1 1 11 29 -1 1 11 19 29 -1 1 11 19 -1 1 11 19 25 -1 1 11 19 25 29 -1 1 11 19 25 -1 1 11 19 25 29 -1 -2
1 11 26 -1 1 11 -1 1 11 19 -1 1 11 19 25 -1 1 11 19 25 29 -1 -2
14 27 -1 27 -1 1 27 -1 1 11 27 -1 1 27 -1 1 11 27 -1 1 11 -1 1 11 29 -1 1 11 19 29 -1 1 11 19 -1 1 11 19 25 -1 1 11 19 25 29 -1 1 11 19 25 -1 1 11 19 25 29 -1 -2
10 5 28 -1 10 5 -1 10 5 25 -1 10 5 25 29 -1 5 25 29 -1 11 5 25 29 -1 11 5 25 -1 11 5 25 29 -1 11 5 25 -1 11 5 -1 11 -1 11 25 -1 11 25 29 -1 25 29 -1 1 25 29 -1 1 11 25 29 -1 1 11 25 -1 1 11 -1 1 11 29 -1 1 11 19 29 -1 1 11 19 -1 1 11 19 25 -1 1 11 19 25 29 -1 -2
22 9 -1 22 25 9 -1 25 9 -1 11 25 9 -1 11 25 -1 11 25 29 -1 25 29 -1 3 25 29 -1 25 29 -1 1 25 29 -1 1 11 25 29 -1 1 25 29 -1 1 11 25 29 -1 1 11 25 -1 1 11 25 29 -1 1 11 25 -1 1 11 -1 1 11 28 -1 1 11 -1 1 11 28 -1 1 11 -1 1 11 29 -1 1 11 19 29 -1 1 11 19 -1 1 11 19 25 -1 1 11 19 25 29 -1 1 11 19 25 -1 1 11 19 25 29 -1 -2
6 16 11 -1 6 16 11 19 -1 16 11 19 -1 16 11 -1 16 11 25 -1 16 25 -1 25 -1 1 25 -1 1 25 29 -1 1 20 25 29 -1 1 25 29 -1 1 11 25 29 -1 1 11 25 -1 1 11 -1 1 11 29 -1 1 11 19 29 -1 1 11 19 -1 1 11 19 25 -1 1 11 19 25 29 -1 -2
0 19 25 -1 0 19 25 29 -1 19 25 29 -1 1 19 25 29 -1 1 19 25 -1 1 19 -1 1 19 29 -1 1 29 -1 1 11 29 -1 1 11 19 29 -1 1 11 29 -1 1 11 19 29 -1 1 11 19 -1 1 11 19 25 -1 1 11 19 25 29 -1 -2
8 25 -1 8 11 25 -1 11 25 -1 11 25 29 -1 25 29 -1 1 25 29 -1 1 11 25 29 -1 1 11 25 -1 1 11 -1 1 11 29 -1 1 11 19 29 -1 1 11 29 -1 1 11 19 29 -1 1 11 19 -1 1 11 19 25 -1 1 11 19 25 29 -1 1 11 19 25 -1 1 11 19 25 29 -1 -2
11 26 9 -1 11 9 -1 11 26 9 -1 11 9 -1 11 25 9 -1 11 25 -1 11 25 29 -1 25 29 -1 1 25 29 -1 1 11 25 29 -1 1 11 25 -1 1 11 -1 1 11 29 -1 1 11 19 29 -1 1 11 19 -1 1 11 19 25 -1 1 11 19 25 29 -1 -2
10 24 9 -1 10 24 -1 24 -1 1 24 -1 1 11 24 -1 1 11 -1 1 11 19 -1 1 11 -1 1 11 19 -1 1 11 19 25 -1 1 11 19 25 29 -1 -2
14 18 28 -1 18 28 -1 1 18 28 -1 1 28 -1 1 11 28 -1 1 11 19 28 -1 1 11 19 -1 1 11 19 25 -1 1 11 19 25 29 -1 -2
2 20 17 -1 20 17 -1 20 19 17 -1 20 19 -1 1 20 19 -1 1 20 -1 1 -1 1 11 -1 1 11 29 -1 1 11 19 29 -1 1 11 29 -1 1 11 19 29 -1 1 11 19 -1 1 11 19 25 -1 1 11 19 25 29 -1 1 11 19 25 -1 1 11 19 25 29 -1 -2
6 22 9 -1 6 9 -1 6 11 9 -1 6 11 19 9 -1 6 11 9 -1 6 11 19 9 -1 6 11 19 -1 6 11 19 9 -1 6 11 19 -1 11 19 -1 11 -1 11 25 -1 11 25 29 -1 25 29 -1 1 25 29 -1 1 11 25 29 -1 1 11 25 -1 1 11 -1 1 11 29 -1 1 11 19 29 -1 1 11 19 -1 1 11 19 25 -1 1 11 19 25 29 -1 -2
0 10 29 -1 10 29 -1 29 -1 1 29 -1 1 11 29 -1 1 11 19 29 -1 1 11 19 -1 1 11 19 25 -1 1 11 19 -1 1 11 19 25 -1 1 11 19 25 29 -1 -2
16 21 9 -1 16 9 -1 16 25 9 -1 25 9 -1 11 25 9 -1 11 25 -1 11 25 23 -1 11 25 -1 11 25 29 -1 25 29 -1 1 25 29 -1 1 11 25 29 -1 1 11 25 -1 1 11 -1 1 11 29 -1 1 11 19 29 -1 1 11 19 -1 1 11 19 25 -1 1 11 19 25 29 -1 -2
24 -1 11 24 -1 24 -1 11 24 -1 11 -1 11 25 -1 11 25 29 -1 25 29 -1 1 25 29 -1 1 11 25 29 -1 1 11 25 -1 1 11 -1 1 11 29 -1 1 11 19 29 -1 1 11 19 -1 1 11 19 25 -1 1 11 19 25 29 -1 -2
10 26 15 -1 10 26 -1 10 26 25 -1 26 25 -1 1 26 25 -1 1 11 26 25 -1 1 11 26 -1 1 11 -1 1 11 19 -1 1 11 19 25 -1 1 11 19 25 29 -1 -2
18 -1 18 29 -1 1 18 29 -1 1 29 -1 1 11 29 -1 1 11 19 29 -1 1 11 19 -1 1 11 19 25 -1 1 11 19 -1 1 11 19 25 -1 1 11 19 25 29 -1 -2
4 11 21 -1 4 11 21 29 -1 11 21 29 -1 11 21 -1 11 21 29 -1 11 21 -1 11 -1 11 25 -1 11 25 29 -1 25 29 -1 1 25 29 -1 1 11 25 29 -1 1 11 25 -1 1 11 -1 1 11 29 -1 1 11 19 29 -1 1 11 19 -1 1 11 19 25 -1 1 11 19 25 29 -1 -2
12 3 21 17 -1 12 3 17 -1 12 3 -1 12 3 29 -1 12 29 -1 29 -1 1 29 -1 1 11 29 -1 1 11 19 29 -1 1 11 19 -1 1 11 19 27 -1 1 11 19 -1 1 11 19 25 -1 1 11 19 25 29 -1 -2
11 19 25 29 -1 11 19 25 -1 11 19 -1 11 -1 11 25 -1 11 25 29 -1 25 29 -1 1 25 29 -1 1 11 25 29 -1 1 11 25 -1 1 11 -1 1 11 29 -1 1 11 26 29 -1 1 11 29 -1 1 11 19 29 -1 1 11 19 -1 1 11 19 25 -1 1 11 19 25 29 -1 -2
2 11 -1 2 11 29 -1 11 29 -1 11 -1 11 25 -1 11 25 29 -1 25 29 -1 1 25 29 -1 1 11 25 29 -1 1 11 25 -1 1 11 -1 1 11 29 -1 1 11 19 29 -1 1 11 19 -1 1 11 19 25 -1 1 11 19 25 29 -1 1 11 19 25 -1 1 11 19 25 29 -1 -2
6 15 -1 6 19 15 -1 19 15 -1 19 -1 19 25 -1 19 25 29 -1 1 19 25 29 -1 1 19 25 -1 1 19 -1 1 19 29 -1 1 29 -1 1 11 29 -1 1 11 19 29 -1 1 11 19 -1 1 11 19 25 -1 1 11 19 25 29 -1 1 11 19 25 -1 1 11 19 25 29 -1 -2
16 24 7 -1 16 11 24 7 -1 16 24 7 -1 16 11 24 7 -1 16 11 7 -1 16 11 -1 16 11 25 -1 16 25 -1 25 -1 1 25 -1 1 25 29 -1 1 11 25 29 -1 1 11 25 -1 1 11 -1 1 11 29 -1 1 11 19 29 -1 1 11 19 -1 1 11 19 25 -1 1 11 19 25 29 -1 -2
10 -1 10 29 -1 29 -1 1 29 -1 1 11 29 -1 1 11 19 29 -1 1 11 19 -1 1 11 19 25 -1 1 11 19 25 29 -1 -2
13 23 -1 13 -1 13 29 -1 29 -1 19 29 -1 29 -1 19 29 -1 1 19 29 -1 1 29 -1 1 11 29 -1 1 11 19 29 -1 1 11 29 -1 1 11 19 29 -1 1 11 19 -1 1 11 19 25 -1 1 11 19 -1 1 11 19 25 -1 1 11 19 25 29 -1 -2
8 18 15 -1 18 15 -1 18 15 29 -1 15 29 -1 18 15 29 -1 15 29 -1 19 15 29 -1 19 15 -1 19 -1 19 25 -1 19 25 29 -1 1 19 25 29 -1 19 25 29 -1 1 19 25 29 -1 1 19 25 -1 1 19 -1 1 19 29 -1 1 29 -1 1 11 29 -1 1 11 19 29 -1 1 11 19 -1 1 11 19 25 -1 1 11 19 -1 1 11 19 25 -1 1 11 19 25 29 -1 -2
27 -1 11 27 -1 11 -1 11 25 -1 11 25 29 -1 25 29 -1 1 25 29 -1 1 11 25 29 -1 1 11 25 -1 1 11 -1 1 11 29 -1 1 11 19 29 -1 1 11 29 -1 1 11 19 29 -1 1 11 19 -1 1 11 19 25 -1 1 11 19 25 29 -1 -2
24 28 9 -1 11 24 28 9 -1 11 28 9 -1 11 9 -1 11 25 9 -1 11 25 -1 11 25 29 -1 25 29 -1 1 25 29 -1 1 11 25 29 -1 1 11 25 -1 1 11 -1 1 11 29 -1 1 11 19 29 -1 1 11 19 -1 1 11 19 25 -1 1 11 19 -1 1 11 19 25 -1 1 11 19 25 29 -1 1 11 19 25 -1 1 11 19 25 29 -1 -2
1 15 23 -1 1 15 -1 1 15 29 -1 1 19 15 29 -1 1 19 15 -1 1 19 -1 1 19 29 -1 1 29 -1 1 11 29 -1 1 11 19 29 -1 1 11 19 -1 1 11 19 25 -1 1 11 19 -1 1 11 19 25 -1 1 11 19 25 29 -1 -2
4 17 -1 4 -1 4 29 -1 4 11 29 -1 11 29 -1 11 -1 11 27 -1 11 -1 11 25 -1 11 25 29 -1 11 25 -1 11 25 29 -1 25 29 -1 1 25 29 -1 1 11 25 29 -1 1 25 29 -1 1 11 25 29 -1 1 11 25 -1 1 11 -1 1 11 29 -1 1 11 19 29 -1 1 11 19 -1 1 11 19 25 -1 1 11 19 -1 1 11 19 25 -1 1 11 19 25 29 -1 -2
6 22 13 -1 22 13 -1 22 -1 22 19 -1 22 19 25 -1 1 22 19 25 -1 1 22 19 -1 1 22 -1 1 22 15 -1 1 22 -1 1 22 25 -1 1 25 -1 1 11 25 -1 1 25 -1 1 11 25 -1 1 11 -1 1 11 29 -1 1 11 19 29 -1 1 11 19 -1 1 11 19 29 -1 1 11 19 -1 1 11 19 25 -1 1 11 19 -1 1 11 19 25 -1 1 11 19 25 29 -1 -2
5 15 -1 5 15 29 -1 15 29 -1 19 15 29 -1 19 15 -1 19 -1 19 25 -1 19 25 29 -1 19 25 -1 19 25 29 -1 1 19 25 29 -1 1 19 25 -1 1 19 -1 1 19 29 -1 1 29 -1 1 11 29 -1 1 11 19 29 -1 1 11 29 -1 1 11 19 29 -1 1 11 19 -1 1 11 19 25 -1 1 11 19 -1 1 11 19 25 -1 1 11 19 25 29 -1 -2
2 -1 2 29 -1 29 -1 19 29 -1 1 19 29 -1 1 29 -1 1 11 29 -1 1 11 19 29 -1 1 11 29 -1 1 11 19 29 -1 1 11 19 -1 1 11 19 25 -1 1 11 19 25 29 -1 1 11 19 25 -1 1 11 19 25 29 -1 -2
6 10 -1 10 -1 0 10 -1 10 -1 10 17 -1 10 -1 10 29 -1 29 -1 1 29 -1 1 11 29 -1 1 29 -1 1 11 29 -1 1 11 19 29 -1 1 11 19 -1 1 11 19 25 -1 1 11 19 25 29 -1 1 11 19 25 -1 1 11 19 25 29 -1 -2
10 13 -1 10 13 29 -1 10 29 -1 29 -1 1 29 -1 1 11 29 -1 1 11 19 29 -1 1 11 29 -1 1 11 19 29 -1 1 11 19 -1 1 11 19 25 -1 1 11 19 -1 1 11 19 25 -1 1 11 19 25 29 -1 1 11 19 25 -1 1 11 19 25 29 -1 -2
10 -1 10 29 -1 29 -1 1 29 -1 1 11 29 -1 1 11 19 29 -1 1 11 19 -1 1 11 19 25 -1 1 11 19 25 29 -1 -2
12 23 -1 23 -1 1 23 -1 1 25 23 -1 1 25 -1 1 25 29 -1 1 11 25 29 -1 1 11 25 -1 1 11 -1 1 11 19 -1 1 11 -1 1 11 19 -1 1 11 19 25 -1 1 11 19 25 29 -1 1 11 19 25 -1 1 11 19 25 29 -1 -2
10 -1 10 25 -1 10 25 29 -1 25 29 -1 1 25 29 -1 25 29 -1 1 25 29 -1 1 11 25 29 -1 1 25 29 -1 1 11 25 29 -1 1 11 25 -1 1 11 -1 1 11 19 -1 1 11 19 25 -1 1 11 19 25 29 -1 1 11 19 25 -1 1 11 19 25 29 -1 -2
12 23 -1 23 -1 1 23 -1 1 25 23 -1 1 25 -1 1 25 29 -1 1 11 25 29 -1 1 11 25 -1 1 11 -1 1 11 19 -1 1 11 19 25 -1 1 11 19 -1 1 11 19 25 -1 1 11 19 25 29 -1 -2
8 12 20 7 -1 8 12 7 -1 8 12 11 7 -1 8 12 11 -1 12 11 -1 12 11 29 -1 12 29 -1 29 -1 1 29 -1 1 11 29 -1 1 11 19 29 -1 1 11 19 -1 1 11 19 25 -1 1 11 19 25 29 -1 -2
20 5 28 -1 5 28 -1 11 5 28 -1 11 28 -1 11 -1 11 25 -1 11 25 29 -1 11 25 -1 11 25 29 -1 25 29 -1 1 25 29 -1 1 11 25 29 -1 1 11 25 -1 1 11 -1 1 11 29 -1 1 11 19 29 -1 1 11 19 -1 1 11 19 29 -1 1 11 19 -1 1 11 19 25 -1 1 11 19 25 29 -1 -2
